EUR 1 0.4 0.001 0.8
EUR 1 0.4 0.01 0.8
EUR 1 0.4 5e-04 0.8
EUR 1 0.4 0.1 0.8
EUR 2 0.4 0.001 0.8
EUR 2 0.4 0.01 0.8
EUR 2 0.4 5e-04 0.8
EUR 2 0.4 0.1 0.8
EUR 3 0.4 0.001 0.8
EUR 3 0.4 0.01 0.8
EUR 3 0.4 5e-04 0.8
EUR 3 0.4 0.1 0.8
EUR 4 0.4 0.001 0.8
EUR 4 0.4 0.01 0.8
EUR 4 0.4 5e-04 0.8
EUR 4 0.4 0.1 0.8
EUR 5 0.4 0.001 0.8
EUR 5 0.4 0.01 0.8
EUR 5 0.4 5e-04 0.8
EUR 5 0.4 0.1 0.8
EAS 1 0.4 0.001 0.8
EAS 1 0.4 0.01 0.8
EAS 1 0.4 5e-04 0.8
EAS 1 0.4 0.1 0.8
EAS 2 0.4 0.001 0.8
EAS 2 0.4 0.01 0.8
EAS 2 0.4 5e-04 0.8
EAS 2 0.4 0.1 0.8
EAS 3 0.4 0.001 0.8
EAS 3 0.4 0.01 0.8
EAS 3 0.4 5e-04 0.8
EAS 3 0.4 0.1 0.8
EAS 4 0.4 0.001 0.8
EAS 4 0.4 0.01 0.8
EAS 4 0.4 5e-04 0.8
EAS 4 0.4 0.1 0.8
EAS 5 0.4 0.001 0.8
EAS 5 0.4 0.01 0.8
EAS 5 0.4 5e-04 0.8
EAS 5 0.4 0.1 0.8
AFR 1 0.4 0.001 0.8
AFR 1 0.4 0.01 0.8
AFR 1 0.4 5e-04 0.8
AFR 1 0.4 0.1 0.8
AFR 2 0.4 0.001 0.8
AFR 2 0.4 0.01 0.8
AFR 2 0.4 5e-04 0.8
AFR 2 0.4 0.1 0.8
AFR 3 0.4 0.001 0.8
AFR 3 0.4 0.01 0.8
AFR 3 0.4 5e-04 0.8
AFR 3 0.4 0.1 0.8
AFR 4 0.4 0.001 0.8
AFR 4 0.4 0.01 0.8
AFR 4 0.4 5e-04 0.8
AFR 4 0.4 0.1 0.8
AFR 5 0.4 0.001 0.8
AFR 5 0.4 0.01 0.8
AFR 5 0.4 5e-04 0.8
AFR 5 0.4 0.1 0.8
SAS 1 0.4 0.001 0.8
SAS 1 0.4 0.01 0.8
SAS 1 0.4 5e-04 0.8
SAS 1 0.4 0.1 0.8
SAS 2 0.4 0.001 0.8
SAS 2 0.4 0.01 0.8
SAS 2 0.4 5e-04 0.8
SAS 2 0.4 0.1 0.8
SAS 3 0.4 0.001 0.8
SAS 3 0.4 0.01 0.8
SAS 3 0.4 5e-04 0.8
SAS 3 0.4 0.1 0.8
SAS 4 0.4 0.001 0.8
SAS 4 0.4 0.01 0.8
SAS 4 0.4 5e-04 0.8
SAS 4 0.4 0.1 0.8
SAS 5 0.4 0.001 0.8
SAS 5 0.4 0.01 0.8
SAS 5 0.4 5e-04 0.8
SAS 5 0.4 0.1 0.8
AMR 1 0.4 0.001 0.8
AMR 1 0.4 0.01 0.8
AMR 1 0.4 5e-04 0.8
AMR 1 0.4 0.1 0.8
AMR 2 0.4 0.001 0.8
AMR 2 0.4 0.01 0.8
AMR 2 0.4 5e-04 0.8
AMR 2 0.4 0.1 0.8
AMR 3 0.4 0.001 0.8
AMR 3 0.4 0.01 0.8
AMR 3 0.4 5e-04 0.8
AMR 3 0.4 0.1 0.8
AMR 4 0.4 0.001 0.8
AMR 4 0.4 0.01 0.8
AMR 4 0.4 5e-04 0.8
AMR 4 0.4 0.1 0.8
AMR 5 0.4 0.001 0.8
AMR 5 0.4 0.01 0.8
AMR 5 0.4 5e-04 0.8
AMR 5 0.4 0.1 0.8
