EUR 1 0.4 0.001 0.8 1
EUR 1 0.4 0.001 0.8 2
EUR 1 0.4 0.001 0.8 3
EUR 1 0.4 0.001 0.8 4
EUR 1 0.4 0.01 0.8 1
EUR 1 0.4 0.01 0.8 2
EUR 1 0.4 0.01 0.8 3
EUR 1 0.4 0.01 0.8 4
EUR 1 0.4 5e-04 0.8 1
EUR 1 0.4 5e-04 0.8 2
EUR 1 0.4 5e-04 0.8 3
EUR 1 0.4 5e-04 0.8 4
EUR 1 0.4 0.1 0.8 1
EUR 1 0.4 0.1 0.8 2
EUR 1 0.4 0.1 0.8 3
EUR 1 0.4 0.1 0.8 4
EUR 2 0.4 0.001 0.8 1
EUR 2 0.4 0.001 0.8 2
EUR 2 0.4 0.001 0.8 3
EUR 2 0.4 0.001 0.8 4
EUR 2 0.4 0.01 0.8 1
EUR 2 0.4 0.01 0.8 2
EUR 2 0.4 0.01 0.8 3
EUR 2 0.4 0.01 0.8 4
EUR 2 0.4 5e-04 0.8 1
EUR 2 0.4 5e-04 0.8 2
EUR 2 0.4 5e-04 0.8 3
EUR 2 0.4 5e-04 0.8 4
EUR 2 0.4 0.1 0.8 1
EUR 2 0.4 0.1 0.8 2
EUR 2 0.4 0.1 0.8 3
EUR 2 0.4 0.1 0.8 4
EUR 3 0.4 0.001 0.8 1
EUR 3 0.4 0.001 0.8 2
EUR 3 0.4 0.001 0.8 3
EUR 3 0.4 0.001 0.8 4
EUR 3 0.4 0.01 0.8 1
EUR 3 0.4 0.01 0.8 2
EUR 3 0.4 0.01 0.8 3
EUR 3 0.4 0.01 0.8 4
EUR 3 0.4 5e-04 0.8 1
EUR 3 0.4 5e-04 0.8 2
EUR 3 0.4 5e-04 0.8 3
EUR 3 0.4 5e-04 0.8 4
EUR 3 0.4 0.1 0.8 1
EUR 3 0.4 0.1 0.8 2
EUR 3 0.4 0.1 0.8 3
EUR 3 0.4 0.1 0.8 4
EUR 4 0.4 0.001 0.8 1
EUR 4 0.4 0.001 0.8 2
EUR 4 0.4 0.001 0.8 3
EUR 4 0.4 0.001 0.8 4
EUR 4 0.4 0.01 0.8 1
EUR 4 0.4 0.01 0.8 2
EUR 4 0.4 0.01 0.8 3
EUR 4 0.4 0.01 0.8 4
EUR 4 0.4 5e-04 0.8 1
EUR 4 0.4 5e-04 0.8 2
EUR 4 0.4 5e-04 0.8 3
EUR 4 0.4 5e-04 0.8 4
EUR 4 0.4 0.1 0.8 1
EUR 4 0.4 0.1 0.8 2
EUR 4 0.4 0.1 0.8 3
EUR 4 0.4 0.1 0.8 4
EUR 5 0.4 0.001 0.8 1
EUR 5 0.4 0.001 0.8 2
EUR 5 0.4 0.001 0.8 3
EUR 5 0.4 0.001 0.8 4
EUR 5 0.4 0.01 0.8 1
EUR 5 0.4 0.01 0.8 2
EUR 5 0.4 0.01 0.8 3
EUR 5 0.4 0.01 0.8 4
EUR 5 0.4 5e-04 0.8 1
EUR 5 0.4 5e-04 0.8 2
EUR 5 0.4 5e-04 0.8 3
EUR 5 0.4 5e-04 0.8 4
EUR 5 0.4 0.1 0.8 1
EUR 5 0.4 0.1 0.8 2
EUR 5 0.4 0.1 0.8 3
EUR 5 0.4 0.1 0.8 4
AFR 1 0.4 0.001 0.8 1
AFR 1 0.4 0.001 0.8 2
AFR 1 0.4 0.001 0.8 3
AFR 1 0.4 0.001 0.8 4
AFR 1 0.4 0.01 0.8 1
AFR 1 0.4 0.01 0.8 2
AFR 1 0.4 0.01 0.8 3
AFR 1 0.4 0.01 0.8 4
AFR 1 0.4 5e-04 0.8 1
AFR 1 0.4 5e-04 0.8 2
AFR 1 0.4 5e-04 0.8 3
AFR 1 0.4 5e-04 0.8 4
AFR 1 0.4 0.1 0.8 1
AFR 1 0.4 0.1 0.8 2
AFR 1 0.4 0.1 0.8 3
AFR 1 0.4 0.1 0.8 4
AFR 2 0.4 0.001 0.8 1
AFR 2 0.4 0.001 0.8 2
AFR 2 0.4 0.001 0.8 3
AFR 2 0.4 0.001 0.8 4
AFR 2 0.4 0.01 0.8 1
AFR 2 0.4 0.01 0.8 2
AFR 2 0.4 0.01 0.8 3
AFR 2 0.4 0.01 0.8 4
AFR 2 0.4 5e-04 0.8 1
AFR 2 0.4 5e-04 0.8 2
AFR 2 0.4 5e-04 0.8 3
AFR 2 0.4 5e-04 0.8 4
AFR 2 0.4 0.1 0.8 1
AFR 2 0.4 0.1 0.8 2
AFR 2 0.4 0.1 0.8 3
AFR 2 0.4 0.1 0.8 4
AFR 3 0.4 0.001 0.8 1
AFR 3 0.4 0.001 0.8 2
AFR 3 0.4 0.001 0.8 3
AFR 3 0.4 0.001 0.8 4
AFR 3 0.4 0.01 0.8 1
AFR 3 0.4 0.01 0.8 2
AFR 3 0.4 0.01 0.8 3
AFR 3 0.4 0.01 0.8 4
AFR 3 0.4 5e-04 0.8 1
AFR 3 0.4 5e-04 0.8 2
AFR 3 0.4 5e-04 0.8 3
AFR 3 0.4 5e-04 0.8 4
AFR 3 0.4 0.1 0.8 1
AFR 3 0.4 0.1 0.8 2
AFR 3 0.4 0.1 0.8 3
AFR 3 0.4 0.1 0.8 4
AFR 4 0.4 0.001 0.8 1
AFR 4 0.4 0.001 0.8 2
AFR 4 0.4 0.001 0.8 3
AFR 4 0.4 0.001 0.8 4
AFR 4 0.4 0.01 0.8 1
AFR 4 0.4 0.01 0.8 2
AFR 4 0.4 0.01 0.8 3
AFR 4 0.4 0.01 0.8 4
AFR 4 0.4 5e-04 0.8 1
AFR 4 0.4 5e-04 0.8 2
AFR 4 0.4 5e-04 0.8 3
AFR 4 0.4 5e-04 0.8 4
AFR 4 0.4 0.1 0.8 1
AFR 4 0.4 0.1 0.8 2
AFR 4 0.4 0.1 0.8 3
AFR 4 0.4 0.1 0.8 4
AFR 5 0.4 0.001 0.8 1
AFR 5 0.4 0.001 0.8 2
AFR 5 0.4 0.001 0.8 3
AFR 5 0.4 0.001 0.8 4
AFR 5 0.4 0.01 0.8 1
AFR 5 0.4 0.01 0.8 2
AFR 5 0.4 0.01 0.8 3
AFR 5 0.4 0.01 0.8 4
AFR 5 0.4 5e-04 0.8 1
AFR 5 0.4 5e-04 0.8 2
AFR 5 0.4 5e-04 0.8 3
AFR 5 0.4 5e-04 0.8 4
AFR 5 0.4 0.1 0.8 1
AFR 5 0.4 0.1 0.8 2
AFR 5 0.4 0.1 0.8 3
AFR 5 0.4 0.1 0.8 4
EAS 1 0.4 0.001 0.8 1
EAS 1 0.4 0.001 0.8 2
EAS 1 0.4 0.001 0.8 3
EAS 1 0.4 0.001 0.8 4
EAS 1 0.4 0.01 0.8 1
EAS 1 0.4 0.01 0.8 2
EAS 1 0.4 0.01 0.8 3
EAS 1 0.4 0.01 0.8 4
EAS 1 0.4 5e-04 0.8 1
EAS 1 0.4 5e-04 0.8 2
EAS 1 0.4 5e-04 0.8 3
EAS 1 0.4 5e-04 0.8 4
EAS 1 0.4 0.1 0.8 1
EAS 1 0.4 0.1 0.8 2
EAS 1 0.4 0.1 0.8 3
EAS 1 0.4 0.1 0.8 4
EAS 2 0.4 0.001 0.8 1
EAS 2 0.4 0.001 0.8 2
EAS 2 0.4 0.001 0.8 3
EAS 2 0.4 0.001 0.8 4
EAS 2 0.4 0.01 0.8 1
EAS 2 0.4 0.01 0.8 2
EAS 2 0.4 0.01 0.8 3
EAS 2 0.4 0.01 0.8 4
EAS 2 0.4 5e-04 0.8 1
EAS 2 0.4 5e-04 0.8 2
EAS 2 0.4 5e-04 0.8 3
EAS 2 0.4 5e-04 0.8 4
EAS 2 0.4 0.1 0.8 1
EAS 2 0.4 0.1 0.8 2
EAS 2 0.4 0.1 0.8 3
EAS 2 0.4 0.1 0.8 4
EAS 3 0.4 0.001 0.8 1
EAS 3 0.4 0.001 0.8 2
EAS 3 0.4 0.001 0.8 3
EAS 3 0.4 0.001 0.8 4
EAS 3 0.4 0.01 0.8 1
EAS 3 0.4 0.01 0.8 2
EAS 3 0.4 0.01 0.8 3
EAS 3 0.4 0.01 0.8 4
EAS 3 0.4 5e-04 0.8 1
EAS 3 0.4 5e-04 0.8 2
EAS 3 0.4 5e-04 0.8 3
EAS 3 0.4 5e-04 0.8 4
EAS 3 0.4 0.1 0.8 1
EAS 3 0.4 0.1 0.8 2
EAS 3 0.4 0.1 0.8 3
EAS 3 0.4 0.1 0.8 4
EAS 4 0.4 0.001 0.8 1
EAS 4 0.4 0.001 0.8 2
EAS 4 0.4 0.001 0.8 3
EAS 4 0.4 0.001 0.8 4
EAS 4 0.4 0.01 0.8 1
EAS 4 0.4 0.01 0.8 2
EAS 4 0.4 0.01 0.8 3
EAS 4 0.4 0.01 0.8 4
EAS 4 0.4 5e-04 0.8 1
EAS 4 0.4 5e-04 0.8 2
EAS 4 0.4 5e-04 0.8 3
EAS 4 0.4 5e-04 0.8 4
EAS 4 0.4 0.1 0.8 1
EAS 4 0.4 0.1 0.8 2
EAS 4 0.4 0.1 0.8 3
EAS 4 0.4 0.1 0.8 4
EAS 5 0.4 0.001 0.8 1
EAS 5 0.4 0.001 0.8 2
EAS 5 0.4 0.001 0.8 3
EAS 5 0.4 0.001 0.8 4
EAS 5 0.4 0.01 0.8 1
EAS 5 0.4 0.01 0.8 2
EAS 5 0.4 0.01 0.8 3
EAS 5 0.4 0.01 0.8 4
EAS 5 0.4 5e-04 0.8 1
EAS 5 0.4 5e-04 0.8 2
EAS 5 0.4 5e-04 0.8 3
EAS 5 0.4 5e-04 0.8 4
EAS 5 0.4 0.1 0.8 1
EAS 5 0.4 0.1 0.8 2
EAS 5 0.4 0.1 0.8 3
EAS 5 0.4 0.1 0.8 4
SAS 1 0.4 0.001 0.8 1
SAS 1 0.4 0.001 0.8 2
SAS 1 0.4 0.001 0.8 3
SAS 1 0.4 0.001 0.8 4
SAS 1 0.4 0.01 0.8 1
SAS 1 0.4 0.01 0.8 2
SAS 1 0.4 0.01 0.8 3
SAS 1 0.4 0.01 0.8 4
SAS 1 0.4 5e-04 0.8 1
SAS 1 0.4 5e-04 0.8 2
SAS 1 0.4 5e-04 0.8 3
SAS 1 0.4 5e-04 0.8 4
SAS 1 0.4 0.1 0.8 1
SAS 1 0.4 0.1 0.8 2
SAS 1 0.4 0.1 0.8 3
SAS 1 0.4 0.1 0.8 4
SAS 2 0.4 0.001 0.8 1
SAS 2 0.4 0.001 0.8 2
SAS 2 0.4 0.001 0.8 3
SAS 2 0.4 0.001 0.8 4
SAS 2 0.4 0.01 0.8 1
SAS 2 0.4 0.01 0.8 2
SAS 2 0.4 0.01 0.8 3
SAS 2 0.4 0.01 0.8 4
SAS 2 0.4 5e-04 0.8 1
SAS 2 0.4 5e-04 0.8 2
SAS 2 0.4 5e-04 0.8 3
SAS 2 0.4 5e-04 0.8 4
SAS 2 0.4 0.1 0.8 1
SAS 2 0.4 0.1 0.8 2
SAS 2 0.4 0.1 0.8 3
SAS 2 0.4 0.1 0.8 4
SAS 3 0.4 0.001 0.8 1
SAS 3 0.4 0.001 0.8 2
SAS 3 0.4 0.001 0.8 3
SAS 3 0.4 0.001 0.8 4
SAS 3 0.4 0.01 0.8 1
SAS 3 0.4 0.01 0.8 2
SAS 3 0.4 0.01 0.8 3
SAS 3 0.4 0.01 0.8 4
SAS 3 0.4 5e-04 0.8 1
SAS 3 0.4 5e-04 0.8 2
SAS 3 0.4 5e-04 0.8 3
SAS 3 0.4 5e-04 0.8 4
SAS 3 0.4 0.1 0.8 1
SAS 3 0.4 0.1 0.8 2
SAS 3 0.4 0.1 0.8 3
SAS 3 0.4 0.1 0.8 4
SAS 4 0.4 0.001 0.8 1
SAS 4 0.4 0.001 0.8 2
SAS 4 0.4 0.001 0.8 3
SAS 4 0.4 0.001 0.8 4
SAS 4 0.4 0.01 0.8 1
SAS 4 0.4 0.01 0.8 2
SAS 4 0.4 0.01 0.8 3
SAS 4 0.4 0.01 0.8 4
SAS 4 0.4 5e-04 0.8 1
SAS 4 0.4 5e-04 0.8 2
SAS 4 0.4 5e-04 0.8 3
SAS 4 0.4 5e-04 0.8 4
SAS 4 0.4 0.1 0.8 1
SAS 4 0.4 0.1 0.8 2
SAS 4 0.4 0.1 0.8 3
SAS 4 0.4 0.1 0.8 4
SAS 5 0.4 0.001 0.8 1
SAS 5 0.4 0.001 0.8 2
SAS 5 0.4 0.001 0.8 3
SAS 5 0.4 0.001 0.8 4
SAS 5 0.4 0.01 0.8 1
SAS 5 0.4 0.01 0.8 2
SAS 5 0.4 0.01 0.8 3
SAS 5 0.4 0.01 0.8 4
SAS 5 0.4 5e-04 0.8 1
SAS 5 0.4 5e-04 0.8 2
SAS 5 0.4 5e-04 0.8 3
SAS 5 0.4 5e-04 0.8 4
SAS 5 0.4 0.1 0.8 1
SAS 5 0.4 0.1 0.8 2
SAS 5 0.4 0.1 0.8 3
SAS 5 0.4 0.1 0.8 4
AMR 1 0.4 0.001 0.8 1
AMR 1 0.4 0.001 0.8 2
AMR 1 0.4 0.001 0.8 3
AMR 1 0.4 0.001 0.8 4
AMR 1 0.4 0.01 0.8 1
AMR 1 0.4 0.01 0.8 2
AMR 1 0.4 0.01 0.8 3
AMR 1 0.4 0.01 0.8 4
AMR 1 0.4 5e-04 0.8 1
AMR 1 0.4 5e-04 0.8 2
AMR 1 0.4 5e-04 0.8 3
AMR 1 0.4 5e-04 0.8 4
AMR 1 0.4 0.1 0.8 1
AMR 1 0.4 0.1 0.8 2
AMR 1 0.4 0.1 0.8 3
AMR 1 0.4 0.1 0.8 4
AMR 2 0.4 0.001 0.8 1
AMR 2 0.4 0.001 0.8 2
AMR 2 0.4 0.001 0.8 3
AMR 2 0.4 0.001 0.8 4
AMR 2 0.4 0.01 0.8 1
AMR 2 0.4 0.01 0.8 2
AMR 2 0.4 0.01 0.8 3
AMR 2 0.4 0.01 0.8 4
AMR 2 0.4 5e-04 0.8 1
AMR 2 0.4 5e-04 0.8 2
AMR 2 0.4 5e-04 0.8 3
AMR 2 0.4 5e-04 0.8 4
AMR 2 0.4 0.1 0.8 1
AMR 2 0.4 0.1 0.8 2
AMR 2 0.4 0.1 0.8 3
AMR 2 0.4 0.1 0.8 4
AMR 3 0.4 0.001 0.8 1
AMR 3 0.4 0.001 0.8 2
AMR 3 0.4 0.001 0.8 3
AMR 3 0.4 0.001 0.8 4
AMR 3 0.4 0.01 0.8 1
AMR 3 0.4 0.01 0.8 2
AMR 3 0.4 0.01 0.8 3
AMR 3 0.4 0.01 0.8 4
AMR 3 0.4 5e-04 0.8 1
AMR 3 0.4 5e-04 0.8 2
AMR 3 0.4 5e-04 0.8 3
AMR 3 0.4 5e-04 0.8 4
AMR 3 0.4 0.1 0.8 1
AMR 3 0.4 0.1 0.8 2
AMR 3 0.4 0.1 0.8 3
AMR 3 0.4 0.1 0.8 4
AMR 4 0.4 0.001 0.8 1
AMR 4 0.4 0.001 0.8 2
AMR 4 0.4 0.001 0.8 3
AMR 4 0.4 0.001 0.8 4
AMR 4 0.4 0.01 0.8 1
AMR 4 0.4 0.01 0.8 2
AMR 4 0.4 0.01 0.8 3
AMR 4 0.4 0.01 0.8 4
AMR 4 0.4 5e-04 0.8 1
AMR 4 0.4 5e-04 0.8 2
AMR 4 0.4 5e-04 0.8 3
AMR 4 0.4 5e-04 0.8 4
AMR 4 0.4 0.1 0.8 1
AMR 4 0.4 0.1 0.8 2
AMR 4 0.4 0.1 0.8 3
AMR 4 0.4 0.1 0.8 4
AMR 5 0.4 0.001 0.8 1
AMR 5 0.4 0.001 0.8 2
AMR 5 0.4 0.001 0.8 3
AMR 5 0.4 0.001 0.8 4
AMR 5 0.4 0.01 0.8 1
AMR 5 0.4 0.01 0.8 2
AMR 5 0.4 0.01 0.8 3
AMR 5 0.4 0.01 0.8 4
AMR 5 0.4 5e-04 0.8 1
AMR 5 0.4 5e-04 0.8 2
AMR 5 0.4 5e-04 0.8 3
AMR 5 0.4 5e-04 0.8 4
AMR 5 0.4 0.1 0.8 1
AMR 5 0.4 0.1 0.8 2
AMR 5 0.4 0.1 0.8 3
AMR 5 0.4 0.1 0.8 4
